a:0.12139
b:0.02619
e:0.09708
c:0.01648
o:0.07459
t:0.05162
d:0.03074
p:0.03441
i:0.06473
j:0.02413
r:0.07165
š:0.01422
f:0.00711
k:0.05540
g:0.01728
v:0.03560
n:0.05066
s:0.03751
h:0.01323
l:0.04408
m:0.02726
u:0.02929
z:0.01942
ž:0.01266
č:0.02195
y:0.00088
w:0.00031
q:0.00011
x:0.00004
